0.5165028131834216 0.5165028131834216	1
-0.720657884982439 -0.720657884982439	1
1.4338648989061364 1.4338648989061364	0
-1.4955788502702982 -1.4955788502702982	0
0.3988017491140641 0.3988017491140641	0
-0.9189605078863018 -0.9189605078863018	0
-0.3841285638432075 -0.3841285638432075	0
0.74264014111415 0.74264014111415	0
0.3356759033010601 0.3356759033010601	0
1.374524653352564 1.374524653352564	0
-0.6178020811822732 -0.6178020811822732	1
1.3166396653037338 1.3166396653037338	0
0.09060488983326674 0.09060488983326674	0
1.2677596331688505 1.2677596331688505	0
-1.3927886071866638 -1.3927886071866638	0
0.4794562262480901 0.4794562262480901	1
1.2066808754862022 1.2066808754862022	1
-1.2541430546604806 -1.2541430546604806	0
0.2681876542632906 0.2681876542632906	0
-0.5189587893687054 -0.5189587893687054	0
-0.9492950010575979 -0.9492950010575979	0
-0.7302671771556329 -0.7302671771556329	0
-1.0322301883633862 -1.0322301883633862	0
1.3917723611598873 1.3917723611598873	1
0.10384116606009355 0.10384116606009355	0
-0.7578576970218583 -0.7578576970218583	1
-2.4935808576331477 -2.4935808576331477	0
-1.3327447208589738 -1.3327447208589738	1
-0.5921081726247347 -0.5921081726247347	0
-0.22968424278220503 -0.22968424278220503	0
2.4774351999517266 2.4774351999517266	1
1.5690853570671743 1.5690853570671743	0
-1.1596877826354364 -1.1596877826354364	1
1.299397964325281 1.299397964325281	0
-0.31834151244344716 -0.31834151244344716	1
-0.453924546820523 -0.453924546820523	1
2.1159369641661274 2.1159369641661274	0
-0.8722780439700238 -0.8722780439700238	0
-1.3332644304421057 -1.3332644304421057	1
0.11681317151569234 0.11681317151569234	0
-0.006553036456908817 -0.006553036456908817	1
-0.4405533449452118 -0.4405533449452118	0
0.04696244104255046 0.04696244104255046	0
-0.13684684266428973 -0.13684684266428973	1
1.3581807136324726 1.3581807136324726	1
0.11729563347987054 0.11729563347987054	1
-1.2697578966298932 -1.2697578966298932	0
0.806402379425729 0.806402379425729	0
-0.7602423626881657 -0.7602423626881657	1
0.914878585937882 0.914878585937882	0
0.8716406853827288 0.8716406853827288	0
0.5558779055917183 0.5558779055917183	1
0.034447444344876704 0.034447444344876704	0
-0.3873909462835836 -0.3873909462835836	1
-0.45374072638576274 -0.45374072638576274	1
-0.2816274688772861 -0.2816274688772861	0
0.8135087337361155 0.8135087337361155	0
-0.1757947943842671 -0.1757947943842671	0
0.32527804289589973 0.32527804289589973	1
-0.6516819720304196 -0.6516819720304196	0
-0.4841893595312471 -0.4841893595312471	1
-0.9196314043382682 -0.9196314043382682	0
0.2903439740936337 0.2903439740936337	1
1.1084936454995933 1.1084936454995933	0
-1.510309795790923 -1.510309795790923	1
-0.3072759936867755 -0.3072759936867755	0
0.2731704388354625 0.2731704388354625	0
-0.5957529724947468 -0.5957529724947468	0
-0.8675706686021105 -0.8675706686021105	1
1.3869528640063338 1.3869528640063338	0
2.2568477657478136 2.2568477657478136	1
-0.1984293257552129 -0.1984293257552129	1
0.20916437184185657 0.20916437184185657	1
-0.9986347867556938 -0.9986347867556938	0
-1.3352526350595124 -1.3352526350595124	1
0.30966273018881757 0.30966273018881757	1
-0.4081470537266002 -0.4081470537266002	1
-0.24450053356797136 -0.24450053356797136	0
1.0984624814893358 1.0984624814893358	0
0.8224684644727728 0.8224684644727728	1
0.203113710337477 0.203113710337477	0
-0.41555973117848233 -0.41555973117848233	1
1.3742021065501302 1.3742021065501302	0
0.5311796253002485 0.5311796253002485	0
1.4437693804551444 1.4437693804551444	1
-0.2431644980993107 -0.2431644980993107	0
-1.925942997174765 -1.925942997174765	0
0.5544450562387382 0.5544450562387382	1
1.029332084460179 1.029332084460179	1
0.17473115432336478 0.17473115432336478	0
-0.8878797506728638 -0.8878797506728638	0
1.2044184129191686 1.2044184129191686	0
0.7980722264601178 0.7980722264601178	1
-0.48870505699215716 -0.48870505699215716	1
0.8670919873564505 0.8670919873564505	1
-2.969273493981368 -2.969273493981368	0
0.6825601997251054 0.6825601997251054	0
-1.6810121784539616 -1.6810121784539616	0
-0.20459080104520852 -0.20459080104520852	1
-0.4543937208097688 -0.4543937208097688	1
0.584726600637596 0.584726600637596	0
0.7320320787953131 0.7320320787953131	1
0.12055923211833985 0.12055923211833985	0
-0.1667096665039317 -0.1667096665039317	0
0.6150246934970146 0.6150246934970146	0
0.687055354812797 0.687055354812797	0
-0.6571468072493718 -0.6571468072493718	0
0.9911028855763013 0.9911028855763013	1
0.58678535804599 0.58678535804599	0
-0.683677964359246 -0.683677964359246	0
-0.16706939600425355 -0.16706939600425355	1
-1.2099782878009009 -1.2099782878009009	1
-1.7018913420914275 -1.7018913420914275	0
-0.7567192219880792 -0.7567192219880792	1
-0.7437326297424499 -0.7437326297424499	0
0.5333496125531407 0.5333496125531407	0
-0.2984562398700247 -0.2984562398700247	1
0.9528153691174521 0.9528153691174521	0
-0.5962441792903472 -0.5962441792903472	0
-1.1992904464869392 -1.1992904464869392	1
-0.18720314620598819 -0.18720314620598819	1
-1.4928205888682706 -1.4928205888682706	0
2.6575489071818463 2.6575489071818463	1
0.6054267452625729 0.6054267452625729	0
0.010344900699629574 0.010344900699629574	0
-0.1270074975936931 -0.1270074975936931	1
0.027890332858719353 0.027890332858719353	0
0.6390156063278214 0.6390156063278214	0
-1.487308724995789 -1.487308724995789	1
-0.04341594398177715 -0.04341594398177715	1
-0.41435585816743165 -0.41435585816743165	0
-0.9486319479724453 -0.9486319479724453	1
1.3093660865695067 1.3093660865695067	1
-0.41543704255881364 -0.41543704255881364	0
-0.13418773695197134 -0.13418773695197134	0
-0.7595842365068721 -0.7595842365068721	0
0.14954404956461895 0.14954404956461895	1
0.2660824453574207 0.2660824453574207	0
-1.6827856506386392 -1.6827856506386392	0
0.2875897197790308 0.2875897197790308	1
0.34955362449467997 0.34955362449467997	1
-0.31438968385101174 -0.31438968385101174	1
0.286535468150506 0.286535468150506	1
0.9976848318509107 0.9976848318509107	0
-0.7581918399810554 -0.7581918399810554	0
0.9525761326622083 0.9525761326622083	0
-0.39251214712788296 -0.39251214712788296	0
0.23456135510974782 0.23456135510974782	1
0.10217483882237968 0.10217483882237968	0
0.8110840606654343 0.8110840606654343	0
0.1239956476491491 0.1239956476491491	0
0.11182564461802613 0.11182564461802613	0
1.3837619160266568 1.3837619160266568	0
-0.599491921511598 -0.599491921511598	0
0.7220156192735651 0.7220156192735651	0
1.0513908148128912 1.0513908148128912	1
-0.845300203540876 -0.845300203540876	0
1.5085635708083456 1.5085635708083456	0
-0.9629541097316989 -0.9629541097316989	1
1.0474054212555302 1.0474054212555302	0
0.6274314609313415 0.6274314609313415	1
-0.2901076736846591 -0.2901076736846591	1
-0.6637190217273071 -0.6637190217273071	1
1.882190470247501 1.882190470247501	0
-0.5890582774249739 -0.5890582774249739	1
0.41914447014763945 0.41914447014763945	1
0.21447294323923466 0.21447294323923466	1
0.9314635746515727 0.9314635746515727	0
-0.27840960392586644 -0.27840960392586644	1
-1.4862014409050774 -1.4862014409050774	0
-1.3985287267815365 -1.3985287267815365	1
0.057658869917789374 0.057658869917789374	0
-0.30017264385876363 -0.30017264385876363	1
-0.02401128718405858 -0.02401128718405858	0
-0.6001143943083915 -0.6001143943083915	1
-0.9838315212168722 -0.9838315212168722	0
0.49987897278953053 0.49987897278953053	0
-0.46787680601897436 -0.46787680601897436	0
-0.26071923267088964 -0.26071923267088964	0
0.6473949092547199 0.6473949092547199	0
1.6450920062833991 1.6450920062833991	0
-0.5730068651701657 -0.5730068651701657	1
1.9023285272844244 1.9023285272844244	1
0.9030830963439108 0.9030830963439108	0
-2.284655372556773 -2.284655372556773	0
0.37734714711466355 0.37734714711466355	0
0.3151762821156669 0.3151762821156669	1
1.7003285395587249 1.7003285395587249	0
-0.7385780404454497 -0.7385780404454497	0
-0.60197399497113 -0.60197399497113	1
1.6920429504449588 1.6920429504449588	0
0.13738723813326414 0.13738723813326414	0
-0.8368994971192257 -0.8368994971192257	0
1.595522603925416 1.595522603925416	0
-1.2122013284085165 -1.2122013284085165	0
-0.7074564900076091 -0.7074564900076091	1
-0.5226245697909172 -0.5226245697909172	1
-0.4074151231052294 -0.4074151231052294	0
0.9259914822651713 0.9259914822651713	1
2.8876475645120094 2.8876475645120094	0
