1.8415756243333825 1.8415756243333825	0
0.9257801404445712 0.9257801404445712	1
1.145288307757248 1.145288307757248	0
1.0659430833248411 1.0659430833248411	1
1.2961200310021805 1.2961200310021805	0
1.0566788085801249 1.0566788085801249	1
1.5213158732311698 1.5213158732311698	0
0.43269958114363505 0.43269958114363505	1
1.2546294575646821 1.2546294575646821	0
0.9287334302140867 0.9287334302140867	1
1.4718830114314057 1.4718830114314057	0
0.6725654850440103 0.6725654850440103	1
1.8267840136567213 1.8267840136567213	0
0.12551991751835703 0.12551991751835703	1
1.4288627543631998 1.4288627543631998	0
0.8386743489579378 0.8386743489579378	1
1.6749538935232684 1.6749538935232684	0
0.18361891392212018 0.18361891392212018	1
1.7094342353647765 1.7094342353647765	0
0.2714256206875816 0.2714256206875816	1
1.4284983403850664 1.4284983403850664	0
0.987831089682768 0.987831089682768	1
1.7147916058628625 1.7147916058628625	0
0.8067064693193619 0.8067064693193619	1
1.9552904815832948 1.9552904815832948	0
0.7863617470148325 0.7863617470148325	1
1.8861391998794494 1.8861391998794494	0
0.9650021159939388 0.9650021159939388	1
1.052153947551973 1.052153947551973	0
0.9687922707700232 0.9687922707700232	1
1.834778396081624 1.834778396081624	0
1.0667001925365427 1.0667001925365427	1
1.1927243451619338 1.1927243451619338	0
0.460370206518281 0.460370206518281	1
1.3239084366886733 1.3239084366886733	0
0.37447909843298466 0.37447909843298466	1
1.2201263293702893 1.2201263293702893	0
0.2105548883036599 0.2105548883036599	1
1.392818744602604 1.392818744602604	0
0.3941374511745752 0.3941374511745752	1
1.2401490002654059 1.2401490002654059	0
0.4377332705635123 0.4377332705635123	1
1.2011459778768314 1.2011459778768314	0
1.0826856170448578 1.0826856170448578	1
1.4805973601083071 1.4805973601083071	0
1.0021693064243617 1.0021693064243617	1
1.507883920565137 1.507883920565137	0
0.10271670400819857 0.10271670400819857	1
1.2620890533804103 1.2620890533804103	0
0.7863768233549364 0.7863768233549364	1
1.3819547894523012 1.3819547894523012	0
0.6798414769649324 0.6798414769649324	1
1.286611511974427 1.286611511974427	0
0.6533677375239418 0.6533677375239418	1
1.3244065511777112 1.3244065511777112	0
1.0163836442007494 1.0163836442007494	1
1.345984844304371 1.345984844304371	0
0.173592808907596 0.173592808907596	1
1.9845047469307155 1.9845047469307155	0
0.8013127172711112 0.8013127172711112	1
1.5877506603941038 1.5877506603941038	0
0.3222272474703203 0.3222272474703203	1
1.1758562787548823 1.1758562787548823	0
0.9641427803836633 0.9641427803836633	1
1.2257249169803832 1.2257249169803832	0
1.0065080814228298 1.0065080814228298	1
1.298095978279396 1.298095978279396	0
0.8091665373602857 0.8091665373602857	1
1.6588578292847527 1.6588578292847527	0
0.7796166102746621 0.7796166102746621	1
1.9726374922119179 1.9726374922119179	0
0.1955496644255085 0.1955496644255085	1
1.9764828602326827 1.9764828602326827	0
0.3801794484422738 0.3801794484422738	1
1.937228243922768 1.937228243922768	0
0.7777369377031073 0.7777369377031073	1
1.984238679792469 1.984238679792469	0
0.7595952651441197 0.7595952651441197	1
1.5283632002195229 1.5283632002195229	0
0.353943365864833 0.353943365864833	1
1.276673605894663 1.276673605894663	0
0.14397245396850603 0.14397245396850603	1
1.1076383485830514 1.1076383485830514	0
0.9611023389008023 0.9611023389008023	1
1.4495511376665942 1.4495511376665942	0
0.6330482251571837 0.6330482251571837	1
1.961628640678124 1.961628640678124	0
0.10063330414233487 0.10063330414233487	1
1.7241155238023267 1.7241155238023267	0
0.9359480723824017 0.9359480723824017	1
1.5990996167501628 1.5990996167501628	0
0.39811617708200975 0.39811617708200975	1
1.4270196148665941 1.4270196148665941	0
0.4733094511035484 0.4733094511035484	1
1.867809659926304 1.867809659926304	0
0.6136692430299875 0.6136692430299875	1
1.2342447378175292 1.2342447378175292	0
0.49624915128822356 0.49624915128822356	1
1.3133649745350995 1.3133649745350995	0
1.0912675007180535 1.0912675007180535	1
1.695576476215166 1.695576476215166	0
0.44895054968863113 0.44895054968863113	1
1.815106573411938 1.815106573411938	0
0.24237756565332427 0.24237756565332427	1
1.0298431227279794 1.0298431227279794	0
0.5792847727018977 0.5792847727018977	1
1.1082937353493416 1.1082937353493416	0
0.9830942236909249 0.9830942236909249	1
1.86040657720511 1.86040657720511	0
0.30472840768723386 0.30472840768723386	1
1.3552916299623234 1.3552916299623234	0
0.5941070883427562 0.5941070883427562	1
1.6880815314993023 1.6880815314993023	0
0.8851114225030013 0.8851114225030013	1
1.7959797706673033 1.7959797706673033	0
0.4482841052008839 0.4482841052008839	1
1.2187917375866961 1.2187917375866961	0
0.5158816274728487 0.5158816274728487	1
1.0724514600703297 1.0724514600703297	0
0.6822074700364499 0.6822074700364499	1
1.0462611609232795 1.0462611609232795	0
0.8824335161013077 0.8824335161013077	1
1.3424581550777506 1.3424581550777506	0
0.4844054994169036 0.4844054994169036	1
1.861968944390893 1.861968944390893	0
0.9565526541302762 0.9565526541302762	1
1.6206276383709062 1.6206276383709062	0
0.3473976093969672 0.3473976093969672	1
1.442727940253286 1.442727940253286	0
0.9826844235332498 0.9826844235332498	1
1.4860032519017503 1.4860032519017503	0
0.37794438198045577 0.37794438198045577	1
1.6483274067016673 1.6483274067016673	0
0.6094733876261814 0.6094733876261814	1
1.8840816155851892 1.8840816155851892	0
0.9785955621928462 0.9785955621928462	1
1.8573190067254544 1.8573190067254544	0
0.8604585271199927 0.8604585271199927	1
1.1698422254433536 1.1698422254433536	0
0.40772282008614247 0.40772282008614247	1
1.7131273652498495 1.7131273652498495	0
0.64202477125674 0.64202477125674	1
1.3672323171726015 1.3672323171726015	0
0.29585559707530384 0.29585559707530384	1
1.4739024877566966 1.4739024877566966	0
0.5982567460425141 0.5982567460425141	1
1.6088912101039645 1.6088912101039645	0
1.0826166859113338 1.0826166859113338	1
1.8139915061936707 1.8139915061936707	0
0.3273510099903527 0.3273510099903527	1
1.5044534318880256 1.5044534318880256	0
0.12338077967614638 0.12338077967614638	1
1.6204404415052438 1.6204404415052438	0
0.9237258388549728 0.9237258388549728	1
1.8819537910015118 1.8819537910015118	0
0.10187731882898302 0.10187731882898302	1
1.431882678729872 1.431882678729872	0
0.16897757579680575 0.16897757579680575	1
1.3462232467213011 1.3462232467213011	0
0.6853143124026603 0.6853143124026603	1
1.5021447399089864 1.5021447399089864	0
0.35559810004038384 0.35559810004038384	1
1.4334175469391943 1.4334175469391943	0
0.3876366663993812 0.3876366663993812	1
1.927292784788253 1.927292784788253	0
0.8865752774434589 0.8865752774434589	1
1.5639299102445072 1.5639299102445072	0
0.26660447323077274 0.26660447323077274	1
1.2801954546270784 1.2801954546270784	0
0.4085417630431667 0.4085417630431667	1
1.742706054438342 1.742706054438342	0
0.4349589156798025 0.4349589156798025	1
1.8052468379325357 1.8052468379325357	0
0.5608757052214853 0.5608757052214853	1
1.6546114450760543 1.6546114450760543	0
0.3301018694316713 0.3301018694316713	1
1.4186746865776994 1.4186746865776994	0
0.6907140181235186 0.6907140181235186	1
1.9142020928779346 1.9142020928779346	0
0.7702642256239325 0.7702642256239325	1
1.9889030792930575 1.9889030792930575	0
0.14553071452330826 0.14553071452330826	1
1.905793340663351 1.905793340663351	0
0.186636728222787 0.186636728222787	1
1.4548647877385235 1.4548647877385235	0
0.5765475423670443 0.5765475423670443	1
1.327751786640114 1.327751786640114	0
0.301444852897099 0.301444852897099	1
1.8643620164267278 1.8643620164267278	0
0.8259656030071436 0.8259656030071436	1
1.5974079984115686 1.5974079984115686	0
0.9058965431065631 0.9058965431065631	1
1.1484786695953058 1.1484786695953058	0
0.9144648103160316 0.9144648103160316	1
1.751136422636868 1.751136422636868	0
0.6803608667465103 0.6803608667465103	1
1.9968985202695406 1.9968985202695406	0
0.279307566096594 0.279307566096594	1
1.378045905644688 1.378045905644688	0
0.2426417296644672 0.2426417296644672	1
